
body = [100 150; -100 100; -100 -100; 100 -150];
wheel = [0 125; 0 -125];