
body = [100 150; -100 100; -100 -100; 100 -150];
wheel = [0 125; 0 -125];

list_light_sensor = [100 0; 0 0];
list_range_sensor = [100 0 0];